SECOND REPO SECOND REPO SECOND REPO SECOND REPO 171091 315087 288813 328429 329447 329638 289510 142490 236788 233459 262097 270286

171091 315087 288813 328429 329447 329638 289510 142490 236788 233459 262097 270286 129523 184840 172197 148586 274421 255308 275063 317164 247540 216819 312659
282856 298019 226184 177001 177002 287501 311263 107817 181008 183714 230041 114883 146595 197074 245855 251067 127894 118282 123554 206250 262158 245697 239750
239312 255129 244530 246963 256050 215459 243725 261830 215658 256404 260028 261789 241254 268580 262407 262252 201814 250193 236036 262889 243933 255369 205089

128983 223815 225080 110332 225767 231139 266116 217037 160657 182439 205089 176495 199121 199425 184068 186615 224644 129479 251524 153374 146499 304256 264920

163532 255244 269825 235914 247103 138365 124624 219718 168941 265918 205995 191390 ‌225496 259137 231681 161688 ‌199613 259260 260433 235532 272117 170213 313521

256613 258382 224942 175220 233770 250704 261819 245304 166174 216039 221711 283007 287501 324533 244327 317039 197074 134917 212321 110440 323623 274788 206446

 272241 274528 176495 117178 311020 303894 301395 222149 263960 303894 252823 292408 299067 323505 323876 235877 286089 292932 238577 184840 252544 250401 197074
 247540 229676 180663 267597 240667 212180 148276 169235 281762 165457 301232 296143 197644 316920 220309 293239 217561 301617 227675 229144 191773 318212 278738
317946 139033 327325 283439 294287 306608 319346 318317 272298 236788 215018 261682 219023 267506 322330 322460 233773 240524 191887 217479 272454 148586 204130
339033, 339026, 339006, 339001, 338978, 338970, 338960, 338944, 338884, 338882, 338870, 338861, 338825, 338809, 338808, 338796, 338794, 338793, 338787, 338781, 338773, 
338767, 338765, 338757, 338742, 338738, 338732, 338723, 338688, 338680, 338678, 338673, 338665, 338593, 338604, 338602, 338581, 338591, 338573, 338558, 338537, 338528, 
338519, 338518, 338489, 338469, 338453, 338420, 338372, 338371, 338370, 338369, 338368, 338367, 338365, 338352, 338343, 338321, 338285, 338281, 338277, 338268, 338251, 
338244, 338239, 338237, 338229, 338221, 338192, 338166, 338140, 338092, 338111, 338052, 338041, 338033, 338026, 338025, 338020, 338021, 338018, 338016, 338015, 338004, 
338000, 337995, 337979, 337964, 337949, 337910, 337917, 337902, 337886, 337849, 337832, 337798, 337797, 337751, 337722, 337686, 337684, 337674, 337669, 337708, 337896, 
336633, 336570, 336531, 336488, 336323, 336262, 336209, 336088, 335775, 335740, 335729, 335689, 335645, 335595, 335450, 335444, 335443, 335413, 335313, 335199, 335180, 
335175, 335136, 335034, 334988, 334942, 334934, 334904, 334810, 334704, 334619, 334617, 334576, 334569, 334531, 334530, 334484, 334442, 334356, 334305, 334242, 334160, 
334094, 334012, 333746, 

333737, 333567, 333517, 333511, 333449, 333374, 333262, 333228, 332947, 332927, 332838, 332727, 332566, 332491, 332428, 332372, 332354, 332246, 332120, 332194, 
332026, 331954, 331683, 331667, 331583, 331455, 331353, 331352, 331351, 331350, 331314, 331311, 331310, 331306, 331289, 331243, 331204, 331208, 330977, 330959, 330957,
 330956, 330955, 330954, 330953, 330951, 330950, 330949, 330905, 330807, 330485, 330467, 330415, 330268, 330230, 
330002, 329983, 329963, 329951, 329850, 329804, 329802, 329799, 329614, 329596, 329583, 329557, 329527, 329509, 329504, 329499,